date,a,b,c,price
2012-01-03,31.96,31.984,31.639,31.694
2012-01-04,31.723,31.873,31.573,31.863
2012-01-05,31.8,32.08,31.683,32.022
2012-01-06,32.161,32.185,31.846,31.948
2012-01-09,31.967,31.971,31.825,31.914
2012-01-10,31.906,31.914,31.501,31.558
2012-01-11,31.677,31.809,31.613,31.756
2012-01-12,31.672,31.701,31.513,31.615
2012-01-13,31.594,31.965,31.565,31.892
2012-01-16,31.904,31.937,31.659,31.667
2012-01-17,31.573,31.66,31.461,31.628
2012-01-18,31.536,31.592,31.471,31.488
2012-01-19,31.493,31.537,31.318,31.334
2012-01-20,31.302,31.4,31.247,31.32
2012-01-23,31.322,31.35,30.825,30.836
2012-01-24,30.87,30.928,30.792,30.812
2012-01-25,30.646,30.758,30.557,30.697
2012-01-26,30.378,30.445,30.177,30.26
2012-01-27,30.383,30.411,30.226,30.251
2012-01-30,30.401,30.473,30.357,30.416
2012-01-31,30.333,30.345,30.04,30.25
2012-02-01,30.423,30.439,30.123,30.13
2012-02-02,30.178,30.354,30.108,30.132
2012-02-03,30.238,30.289,30.118,30.176
2012-02-06,30.222,30.3,30.099,30.118
2012-02-07,30.097,30.101,29.721,29.747
2012-02-08,29.707,29.807,29.657,29.731
2012-02-09,29.689,29.849,29.674,29.7
2012-02-10,29.916,30.108,29.857,30.063
2012-02-13,29.883,29.951,29.815,29.935
2012-02-14,30.074,30.114,29.936,30.06
2012-02-15,29.935,30.069,29.907,30.03
2012-02-16,30.222,30.342,30.146,30.166
2012-02-17,30.016,30.016,29.828,29.929
2012-02-20,29.773,29.843,29.699,29.749
2012-02-21,29.785,29.856,29.73,29.745
2012-02-22,29.759,29.81,29.661,29.683
2012-02-24,29.407,29.415,29.102,29.144
2012-02-27,29.109,29.198,28.944,29.035
2012-02-28,28.967,29.13,28.94,29.018
2012-02-29,29.035,29.247,28.994,29.201
2012-03-01,29.336,29.369,29.209,29.228
2012-03-02,29.305,29.373,29.223,29.266
2012-03-05,29.293,29.385,29.253,29.317
2012-03-06,29.448,29.692,29.444,29.619
2012-03-07,29.691,29.783,29.648,29.71
2012-03-12,29.425,29.67,29.425,29.63
2012-03-13,29.492,29.652,29.417,29.44
2012-03-14,29.514,29.568,29.372,29.553
2012-03-15,29.572,29.591,29.319,29.365
2012-03-16,29.361,29.414,29.206,29.237
2012-03-19,29.218,29.257,29.123,29.158
2012-03-20,29.162,29.335,29.136,29.25
2012-03-21,29.198,29.312,29.148,29.274
2012-03-22,29.237,29.503,29.218,29.444
2012-03-23,29.391,29.413,29.231,29.281
2012-03-26,29.278,29.308,28.946,28.992
2012-03-27,28.923,29.045,28.848,29.029
2012-03-28,29.018,29.404,29.018,29.378
2012-03-29,29.364,29.539,29.228,29.503
2012-03-30,29.38,29.473,29.285,29.435
2012-04-02,29.321,29.514,29.308,29.361
2012-04-03,29.291,29.354,29.133,29.148
2012-04-04,29.368,29.52,29.368,29.501
2012-04-05,29.443,29.625,29.404,29.468
2012-04-06,29.449,29.594,29.445,29.59
2012-04-09,29.598,29.694,29.594,29.648
2012-04-10,29.577,29.743,29.573,29.739
2012-04-11,29.78,29.868,29.576,29.619
2012-04-12,29.614,29.624,29.422,29.453
2012-04-13,29.427,29.598,29.427,29.575
2012-04-16,29.745,29.791,29.579,29.61
2012-04-17,29.604,29.677,29.477,29.485
2012-04-18,29.474,29.594,29.467,29.486
2012-04-19,29.509,29.594,29.454,29.531
2012-04-20,29.518,29.549,29.416,29.428
2012-04-23,29.464,29.585,29.449,29.562
2012-04-24,29.499,29.499,29.32,29.349
2012-04-25,29.35,29.396,29.255,29.38
2012-04-26,29.318,29.349,29.225,29.314
2012-04-27,29.38,29.46,29.282,29.305
2012-04-30,29.313,29.413,29.282,29.367
2012-05-01,29.38,29.415,29.341,29.36
2012-05-02,29.307,29.486,29.307,29.401
2012-05-03,29.462,29.593,29.431,29.5
2012-05-04,29.545,29.757,29.545,29.722
2012-05-07,29.845,30.118,29.806,30.016
2012-05-08,29.996,30.15,29.956,30.118
2012-05-09,30.216,30.468,30.144,30.422
2012-05-10,30.329,30.329,30.056,30.123
2012-05-11,30.188,30.271,30.087,30.137
2012-05-14,30.276,30.415,30.223,30.414
2012-05-15,30.372,30.629,30.278,30.613
2012-05-16,30.77,31.088,30.77,30.926
2012-05-17,30.908,31.229,30.887,31.042
2012-05-18,31.309,31.463,31.166,31.24
2012-05-21,31.177,31.287,31.092,31.168
2012-05-22,31.005,31.241,30.985,31.134
2012-05-23,31.393,31.737,31.326,31.727
2012-05-24,31.638,31.826,31.526,31.749
2012-05-25,31.772,32.057,31.666,32.022
2012-05-28,31.867,32.103,31.791,32.078
2012-05-29,32.099,32.235,32.02,32.173
2012-05-30,32.377,32.78,32.367,32.772
2012-05-31,32.787,33.667,32.779,33.479
2012-06-01,33.475,34.061,33.412,33.699
2012-06-04,33.783,34.135,33.368,33.505
2012-06-05,33.218,33.381,32.953,33.013
2012-06-06,32.803,32.847,32.381,32.446
2012-06-07,32.29,32.403,32.047,32.258
2012-06-08,32.574,32.929,32.563,32.659
2012-06-11,32.298,32.735,32.06,32.732
2012-06-12,32.763,33.017,32.762,32.981
2012-06-13,32.875,32.957,32.384,32.455
2012-06-14,32.508,32.677,32.492,32.602
2012-06-15,32.391,32.537,32.308,32.5
2012-06-18,32.103,32.537,32.051,32.452
2012-06-19,32.429,32.933,32.412,32.428
2012-06-20,32.358,32.593,32.333,32.508
2012-06-21,32.725,32.996,32.725,32.978
2012-06-22,33.482,33.612,33.049,33.25
2012-06-25,33.197,33.332,33.052,33.313
2012-06-26,33.189,33.22,32.816,32.91
2012-06-27,32.879,33.011,32.777,32.977
2012-06-28,32.853,33.171,32.837,33.121
2012-06-29,32.786,33.018,32.38,32.419
2012-07-02,32.437,32.696,32.413,32.581
2012-07-03,32.438,32.593,32.114,32.126
2012-07-04,32.171,32.378,32.129,32.366
2012-07-05,32.422,32.681,32.329,32.519
2012-07-06,32.643,32.845,32.578,32.834
2012-07-09,32.84,33.09,32.837,32.982
2012-07-10,32.992,33.019,32.709,32.904
2012-07-11,32.874,32.888,32.649,32.712
2012-07-12,32.745,32.828,32.645,32.782
2012-07-13,32.609,32.773,32.597,32.62
2012-07-16,32.548,32.723,32.536,32.6
2012-07-17,32.434,32.655,32.325,32.524
2012-07-18,32.394,32.469,32.282,32.295
2012-07-19,32.205,32.261,31.891,31.968
2012-07-20,31.882,32.088,31.868,32.024
2012-07-23,32.164,32.82,32.163,32.72
2012-07-24,32.622,32.839,32.571,32.762
2012-07-25,33.002,33.084,32.577,32.763
2012-07-26,32.615,32.694,32.238,32.287
2012-07-27,32.2,32.355,32.049,32.064
2012-07-30,32.08,32.237,32.052,32.185
2012-07-31,32.17,32.281,32.109,32.161
2012-08-01,32.236,32.393,32.235,32.344
2012-08-02,32.382,32.638,32.165,32.557
2012-08-03,32.591,32.598,31.98,31.997
2012-08-06,31.978,31.991,31.577,31.592
2012-08-07,31.604,31.699,31.464,31.56
2012-08-08,31.592,31.838,31.547,31.553
2012-08-09,31.545,31.789,31.421,31.669
2012-08-10,31.75,31.993,31.744,31.824
2012-08-13,31.802,31.908,31.661,31.841
2012-08-14,31.767,31.862,31.694,31.848
2012-08-15,31.876,31.959,31.804,31.881
2012-08-16,31.845,31.946,31.808,31.883
2012-08-17,31.821,32.12,31.808,32.093
2012-08-20,31.99,32.125,31.949,32.072
2012-08-21,32.016,32.037,31.677,31.704
2012-08-22,31.825,31.925,31.756,31.856
2012-08-23,31.701,31.757,31.617,31.676
2012-08-24,31.772,31.916,31.772,31.842
2012-08-27,31.818,31.9,31.756,31.85
2012-08-28,31.919,32.097,31.919,32.012
2012-08-29,32,32.208,32,32.156
2012-08-30,32.227,32.595,32.188,32.572
2012-08-31,32.605,32.647,32.255,32.294
2012-09-03,32.302,32.462,32.289,32.32
2012-09-04,32.264,32.319,32.109,32.316
2012-09-05,32.39,32.496,32.234,32.294
2012-09-06,32.276,32.293,31.91,31.915
2012-09-07,31.965,32.057,31.643,31.685
2012-09-10,31.742,31.77,31.64,31.661
2012-09-11,31.757,31.838,31.555,31.559
2012-09-12,31.504,31.537,31.242,31.496
2012-09-13,31.386,31.444,31.271,31.271
2012-09-14,30.884,30.891,30.468,30.468
2012-09-17,30.467,30.692,30.46,30.567
2012-09-18,30.837,31.005,30.824,30.948
2012-09-19,30.815,31.258,30.787,31.23
2012-09-20,31.472,31.665,31.223,31.246
2012-09-21,31.106,31.219,30.884,31.036
2012-09-24,31.202,31.335,31.139,31.139
2012-09-25,31.181,31.216,30.922,30.947
2012-09-26,31.251,31.378,31.14,31.367
2012-09-27,31.167,31.242,31.018,31.075
2012-09-28,30.885,31.269,30.868,31.198
2012-10-01,31.276,31.295,30.98,31.043
2012-10-02,31.098,31.173,31.018,31.087
2012-10-03,31.179,31.239,31.068,31.193
2012-10-04,31.144,31.174,30.954,30.992
2012-10-05,30.927,31.053,30.798,30.888
2012-10-08,31.113,31.185,31.038,31.145
2012-10-09,31.072,31.199,31.05,31.173
2012-10-10,31.18,31.233,31.054,31.088
2012-10-11,31.213,31.239,30.972,31.016
2012-10-12,31.037,31.041,30.937,31.03
2012-10-15,31.12,31.13,30.964,31.091
2012-10-16,30.98,30.982,30.828,30.896
2012-10-17,30.806,30.84,30.657,30.749
2012-10-18,30.743,30.836,30.689,30.769
2012-10-19,30.791,30.856,30.747,30.85
2012-10-22,30.853,31.095,30.827,31.063
2012-10-23,31.119,31.508,31.072,31.427
2012-10-24,31.353,31.461,31.245,31.326
2012-10-25,31.294,31.405,31.172,31.391
2012-10-26,31.416,31.531,31.352,31.414
2012-10-29,31.423,31.514,31.423,31.507
2012-10-30,31.523,31.523,31.322,31.358
2012-10-31,31.396,31.405,31.225,31.339
2012-11-01,31.361,31.403,31.245,31.289
2012-11-02,31.37,31.472,31.288,31.472
2012-11-06,31.491,31.574,31.409,31.475
2012-11-07,31.312,31.516,31.248,31.513
2012-11-08,31.508,31.589,31.48,31.556
2012-11-09,31.496,31.708,31.487,31.588
2012-11-12,31.59,31.651,31.585,31.627
2012-11-13,31.71,31.846,31.697,31.714
2012-11-14,31.725,31.746,31.589,31.745
2012-11-15,31.698,31.721,31.62,31.648
2012-11-16,31.726,31.788,31.701,31.773
2012-11-19,31.675,31.675,31.427,31.439
2012-11-20,31.43,31.449,31.272,31.308
2012-11-21,31.423,31.447,31.144,31.169
2012-11-22,31.144,31.187,31.082,31.155
2012-11-23,31.128,31.167,31.007,31.058
2012-11-26,31.021,31.048,30.935,31.014
2012-11-27,30.95,31.115,30.914,31.082
2012-11-28,31.13,31.194,31.065,31.148
2012-11-29,31.046,31.065,30.803,30.863
2012-11-30,30.843,30.969,30.777,30.901
2012-12-03,30.833,31.028,30.827,30.902
2012-12-04,30.962,30.997,30.789,30.852
2012-12-05,30.798,30.841,30.756,30.803
2012-12-06,30.905,30.949,30.798,30.884
2012-12-07,30.959,30.964,30.806,30.837
2012-12-10,30.878,30.92,30.698,30.729
2012-12-11,30.751,30.775,30.597,30.75
2012-12-12,30.72,30.77,30.548,30.567
2012-12-13,30.59,30.709,30.582,30.675
2012-12-14,30.66,30.83,30.637,30.731
2012-12-17,30.811,31.03,30.744,30.997
2012-12-18,30.991,31.032,30.785,30.786
2012-12-19,30.758,30.794,30.603,30.77
2012-12-20,30.736,30.764,30.623,30.708
2012-12-21,30.711,30.854,30.694,30.84
2012-12-24,30.773,30.788,30.56,30.6
2012-12-26,30.593,30.635,30.49,30.557
2012-12-27,30.466,30.512,30.254,30.355
2012-12-28,30.369,30.543,30.315,30.399
2012-12-31,30.463,30.664,30.445,30.516
2013-01-02,30.261,30.311,30.102,30.156
2013-01-03,30.211,30.364,30.151,30.232
2013-01-04,30.53,30.767,30.525,30.605
2013-01-07,30.414,30.485,30.331,30.341
2013-01-08,30.338,30.382,30.202,30.315
2013-01-09,30.434,30.469,30.36,30.395
2013-01-10,30.365,30.383,30.193,30.253
2013-01-11,30.284,30.364,30.217,30.357
2013-01-14,30.271,30.285,30.164,30.24
2013-01-15,30.24,30.295,30.153,30.276
2013-01-16,30.329,30.431,30.313,30.323
2013-01-17,30.333,30.349,30.224,30.244
2013-01-18,30.224,30.326,30.171,30.287
2013-01-21,30.301,30.311,30.241,30.258
2013-01-22,30.177,30.343,30.137,30.26
2013-01-23,30.235,30.247,30.142,30.215
2013-01-24,30.147,30.222,30.048,30.063
2013-01-25,30.058,30.076,29.963,30.048
2013-01-28,30.084,30.183,30.054,30.177
2013-01-29,30.145,30.179,30.035,30.046
2013-01-30,30.034,30.063,29.959,30.043
2013-01-31,30.029,30.098,29.99,30.018
2013-02-01,30.002,30.017,29.847,29.874
2013-02-04,29.934,30.02,29.911,30.014
2013-02-05,30.134,30.136,29.965,30.001
2013-02-06,29.99,30.097,29.925,30.061
2013-02-07,30.039,30.242,29.989,30.217
2013-02-08,30.145,30.213,30.106,30.126
2013-02-11,30.164,30.209,30.101,30.198
2013-02-12,30.16,30.19,30.022,30.048
2013-02-13,30.072,30.079,30,30.055
2013-02-14,30.077,30.167,30.052,30.084
2013-02-15,30.105,30.172,30.075,30.128
2013-02-18,30.114,30.149,30.074,30.114
2013-02-19,30.12,30.151,30.06,30.107
2013-02-20,30.047,30.106,30.003,30.103
2013-02-21,30.22,30.424,30.21,30.403
2013-02-22,30.352,30.475,30.295,30.439
2013-02-25,30.323,30.385,30.2,30.38
2013-02-26,30.582,30.669,30.504,30.647
2013-02-27,30.631,30.642,30.524,30.557
2013-02-28,30.511,30.628,30.496,30.588
2013-03-01,30.634,30.798,30.586,30.722
2013-03-04,30.798,30.82,30.73,30.763
2013-03-05,30.698,30.733,30.618,30.654
2013-03-06,30.621,30.744,30.609,30.725
2013-03-07,30.763,30.824,30.629,30.681
2013-03-08,30.726,30.814,30.629,30.809
2013-03-11,30.761,30.79,30.715,30.732
2013-03-12,30.746,30.781,30.63,30.698
2013-03-13,30.714,30.797,30.669,30.789
2013-03-14,30.756,30.839,30.72,30.778
2013-03-15,30.723,30.746,30.594,30.624
2013-03-18,30.882,30.899,30.797,30.816
2013-03-19,30.83,30.926,30.795,30.919
2013-03-20,30.949,30.96,30.826,30.858
2013-03-21,30.89,31.01,30.872,30.89
2013-03-22,30.933,30.934,30.804,30.826
2013-03-25,30.754,30.916,30.693,30.893
2013-03-26,30.861,30.936,30.83,30.884
2013-03-27,30.863,31.07,30.853,31.064
2013-03-28,31.009,31.116,30.992,31.115
2013-03-29,31.073,31.086,31.009,31.06
2013-04-01,31.074,31.143,31.069,31.12
2013-04-02,31.075,31.318,31.071,31.248
2013-04-03,31.333,31.613,31.327,31.539
2013-04-04,31.635,31.773,31.582,31.664
2013-04-05,31.611,31.698,31.457,31.595
2013-04-08,31.58,31.581,31.22,31.246
2013-04-09,31.162,31.27,31.049,31.158
2013-04-10,31.031,31.077,30.803,30.853
2013-04-11,30.87,30.952,30.771,30.799
2013-04-12,30.931,31.074,30.901,31.029
2013-04-15,31.273,31.453,31.245,31.36
2013-04-16,31.446,31.496,31.279,31.398
2013-04-17,31.238,31.703,31.183,31.69
2013-04-18,31.825,31.833,31.512,31.62
2013-04-19,31.537,31.578,31.391,31.545
2013-04-22,31.622,31.697,31.513,31.668
2013-04-23,31.665,31.795,31.586,31.653
2013-04-24,31.604,31.642,31.438,31.53
2013-04-25,31.36,31.377,31.082,31.114
2013-04-26,31.188,31.339,31.167,31.238
2013-04-29,31.263,31.307,30.917,30.922
2013-04-30,30.95,31.136,30.944,30.953
2013-05-01,31.089,31.354,31.046,31.327
2013-05-02,31.33,31.395,31.161,31.24
2013-05-03,31.168,31.274,30.985,30.995
2013-05-06,31.034,31.12,31.021,31.109
2013-05-07,31.081,31.097,30.96,31.017
2013-05-08,31.06,31.174,31.049,31.07
2013-05-09,31.11,31.201,31.077,31.179
2013-05-10,31.222,31.446,31.18,31.42
2013-05-13,31.356,31.464,31.278,31.346
2013-05-14,31.3,31.383,31.207,31.327
2013-05-15,31.382,31.533,31.382,31.475
2013-05-16,31.443,31.47,31.311,31.317
2013-05-17,31.39,31.447,31.329,31.412
2013-05-20,31.384,31.395,31.213,31.255
2013-05-21,31.232,31.302,31.146,31.28
2013-05-22,31.238,31.292,31.052,31.279
2013-05-23,31.462,31.532,31.379,31.393
2013-05-24,31.421,31.437,31.248,31.322
2013-05-27,31.329,31.372,31.267,31.35
2013-05-28,31.349,31.502,31.338,31.482
2013-05-29,31.511,31.593,31.455,31.548
2013-05-30,31.602,31.772,31.545,31.734
2013-05-31,31.701,31.998,31.68,31.926
2013-06-03,31.956,32.127,31.843,31.906
2013-06-04,31.84,31.98,31.778,31.927
2013-06-05,31.893,32.173,31.888,32.13
2013-06-06,32.168,32.308,32.027,32.238
2013-06-07,32.159,32.405,32.082,32.21
2013-06-10,32.177,32.369,32.177,32.333
2013-06-11,32.344,32.523,32.304,32.444
2013-06-12,32.374,32.495,32.116,32.181
2013-06-13,32.269,32.378,31.975,32.015
2013-06-14,31.96,31.963,31.618,31.636
2013-06-17,31.73,31.781,31.493,31.759
2013-06-18,31.827,32.089,31.802,32.016
2013-06-19,31.998,32.291,31.987,32.284
2013-06-20,32.665,32.868,32.527,32.864
2013-06-21,32.81,32.879,32.617,32.844
2013-06-24,32.855,32.999,32.765,32.937
2013-06-25,32.823,32.932,32.631,32.927
2013-06-26,32.859,33.004,32.786,32.973
2013-06-27,32.872,32.911,32.709,32.771
2013-06-28,32.637,32.936,32.619,32.828
2013-07-01,32.793,33.012,32.793,32.95
2013-07-02,32.955,33.106,32.904,33.056
2013-07-03,33.163,33.329,33.161,33.174
2013-07-04,33.153,33.288,33.123,33.188
2013-07-05,33.159,33.364,33.156,33.315
2013-07-08,33.304,33.335,33.229,33.251
2013-07-09,33.155,33.179,32.921,33.032
2013-07-10,33.012,33.015,32.832,32.926
2013-07-11,32.571,32.694,32.479,32.565
2013-07-12,32.564,32.784,32.552,32.649
2013-07-15,32.588,32.714,32.569,32.637
2013-07-16,32.537,32.58,32.4,32.421
2013-07-17,32.453,32.491,32.305,32.356
2013-07-18,32.368,32.46,32.337,32.372
2013-07-19,32.396,32.463,32.336,32.367
2013-07-22,32.295,32.357,32.203,32.32
2013-07-23,32.303,32.416,32.281,32.338
2013-07-24,32.288,32.413,32.281,32.374
2013-07-25,32.43,32.681,32.43,32.63
2013-07-26,32.513,32.85,32.505,32.819
2013-07-29,32.82,32.886,32.672,32.801
2013-07-30,32.833,32.988,32.832,32.934
2013-07-31,32.999,33.106,32.936,33.026
2013-08-01,32.936,33.103,32.928,33.086
2013-08-02,33.059,33.133,32.757,32.843
2013-08-05,32.824,32.926,32.819,32.887
2013-08-06,32.899,32.967,32.839,32.939
2013-08-07,32.984,33.087,32.958,32.996
2013-08-08,32.938,32.971,32.893,32.904
2013-08-09,32.824,32.903,32.815,32.847
2013-08-12,32.877,32.981,32.871,32.979
2013-08-13,32.998,33.129,32.99,33.12
2013-08-14,33.058,33.175,33.04,33.076
2013-08-15,33.042,33.083,32.857,32.995
2013-08-16,32.917,32.98,32.795,32.857
2013-08-19,32.918,32.974,32.883,32.924
2013-08-20,32.974,33.017,32.9,32.93
2013-08-21,32.944,33.045,32.943,33.029
2013-08-22,33.176,33.232,33.033,33.041
2013-08-23,33.032,33.067,32.945,32.968
2013-08-26,33.014,33.021,32.918,32.971
2013-08-27,33.068,33.249,33.067,33.18
2013-08-28,33.18,33.274,33.13,33.19
2013-08-29,33.19,33.246,33.114,33.213
2013-08-30,33.199,33.313,33.199,33.288
2013-09-02,33.29,33.374,33.229,33.361
2013-09-03,33.411,33.498,33.333,33.476
2013-09-04,33.477,33.498,33.317,33.325
2013-09-05,33.361,33.449,33.355,33.426
2013-09-06,33.413,33.444,33.239,33.298
2013-09-09,33.289,33.352,33.077,33.105
2013-09-10,33.091,33.121,32.91,32.942
2013-09-11,32.978,32.98,32.722,32.834
2013-09-12,32.744,32.797,32.591,32.627
2013-09-13,32.694,32.754,32.483,32.493
2013-09-16,32.338,32.368,32.171,32.246
2013-09-17,32.306,32.385,32.201,32.214
2013-09-18,32.224,32.31,32.178,32.263
2013-09-19,31.698,31.736,31.514,31.662
2013-09-20,31.69,31.906,31.687,31.814
2013-09-23,31.818,31.968,31.79,31.796
2013-09-24,31.812,31.944,31.77,31.87
2013-09-25,31.903,32.137,31.89,32.078
2013-09-26,32.116,32.305,32.095,32.287
2013-09-27,32.307,32.475,32.173,32.335
2013-09-30,32.415,32.523,32.346,32.391
2013-10-01,32.357,32.373,32.189,32.232
2013-10-02,32.236,32.332,32.179,32.208
2013-10-03,32.186,32.186,32.007,32.078
2013-10-04,32.078,32.192,32.056,32.167
2013-10-07,32.275,32.323,32.205,32.235
2013-10-08,32.282,32.308,32.177,32.2
2013-10-09,32.379,32.415,32.304,32.348
2013-10-10,32.359,32.362,32.166,32.18
2013-10-11,32.201,32.287,32.172,32.286
2013-10-14,32.275,32.314,32.225,32.281
2013-10-15,32.272,32.311,32.219,32.251
2013-10-16,32.261,32.266,32.115,32.179
2013-10-17,32.03,32.118,31.896,31.925
2013-10-18,31.891,31.91,31.795,31.828
2013-10-21,31.85,31.93,31.847,31.899
2013-10-22,31.957,31.967,31.646,31.69
2013-10-23,31.734,31.799,31.701,31.751
2013-10-24,31.716,31.717,31.625,31.674
2013-10-25,31.689,31.829,31.655,31.758
2013-10-28,31.807,31.912,31.79,31.907
2013-10-29,31.932,32.081,31.926,32.047
2013-10-30,32.025,32.048,31.925,31.926
2013-10-31,32.057,32.139,32.006,32.082
2013-11-01,32.173,32.393,32.155,32.38
2013-11-04,32.384,32.446,32.297,32.338
2013-11-05,32.352,32.594,32.316,32.543
2013-11-06,32.457,32.493,32.319,32.395
2013-11-07,32.362,32.445,32.26,32.414
2013-11-08,32.525,32.75,32.507,32.662
2013-11-11,32.654,32.756,32.647,32.755
2013-11-12,32.814,32.941,32.758,32.848
2013-11-13,32.812,32.926,32.757,32.791
2013-11-14,32.677,32.76,32.644,32.699
2013-11-15,32.674,32.708,32.536,32.615
2013-11-18,32.576,32.58,32.467,32.532
2013-11-19,32.617,32.775,32.586,32.719
2013-11-20,32.74,32.924,32.669,32.858
2013-11-21,33.013,33.07,32.903,32.999
2013-11-22,32.893,32.914,32.724,32.816
2013-11-25,32.742,33.036,32.74,32.949
2013-11-26,32.986,33.021,32.907,32.946
2013-11-27,32.989,33.176,32.981,33.173
2013-11-28,33.121,33.183,33.094,33.149
2013-11-29,33.195,33.234,33.071,33.077
2013-12-02,33.131,33.24,33.126,33.232
2013-12-03,33.237,33.281,33.211,33.24
2013-12-04,33.261,33.269,33.106,33.17
2013-12-05,33.101,33.107,32.945,32.98
2013-12-06,32.938,33.08,32.697,32.728
2013-12-09,32.79,32.818,32.66,32.723
2013-12-10,32.823,32.823,32.629,32.698
2013-12-11,32.722,32.788,32.685,32.77
2013-12-12,32.747,32.799,32.701,32.759
2013-12-13,32.865,32.894,32.807,32.86
2013-12-16,32.86,32.944,32.833,32.925
2013-12-17,32.841,32.98,32.833,32.967
2013-12-18,32.933,32.971,32.845,32.859
2013-12-19,32.944,32.995,32.875,32.962
2013-12-20,32.971,33.026,32.954,32.971
2013-12-23,32.932,32.949,32.631,32.645
2013-12-24,32.653,32.676,32.547,32.654
2013-12-26,32.664,32.67,32.638,32.655
2013-12-27,32.639,32.639,32.476,32.566
2013-12-30,32.733,32.85,32.691,32.802
2013-12-31,32.838,32.959,32.779,32.832
2014-01-02,32.895,33.148,32.866,33.105
2014-01-03,33.087,33.166,33.012,33.14
2014-01-06,33.175,33.289,33.165,33.219
2014-01-07,33.216,33.261,33.1,33.121
2014-01-08,33.08,33.161,33.046,33.145
2014-01-09,33.164,33.256,33.052,33.22
2014-01-10,33.214,33.294,33.03,33.034
2014-01-13,33.142,33.285,33.08,33.256
2014-01-14,33.234,33.373,33.228,33.302
2014-01-15,33.343,33.458,33.332,33.362
2014-01-16,33.397,33.445,33.335,33.398
2014-01-17,33.413,33.591,33.386,33.539
2014-01-20,33.627,33.811,33.627,33.791
2014-01-21,33.798,33.993,33.794,33.927
2014-01-22,33.877,33.941,33.824,33.938
2014-01-23,34.025,34.189,33.998,34.164
2014-01-24,34.279,34.613,34.263,34.604
2014-01-27,34.717,34.858,34.415,34.736
2014-01-28,34.617,34.776,34.442,34.763
2014-01-29,34.584,35.28,34.581,35.145
2014-01-30,35.264,35.435,34.799,34.966
2014-01-31,35.226,35.349,34.958,35.231
2014-02-03,35.221,35.342,35.087,35.334
2014-02-04,35.396,35.453,35.028,35.186
2014-02-05,34.915,34.948,34.653,34.871
2014-02-06,34.679,34.875,34.598,34.692
2014-02-07,34.627,34.806,34.54,34.806
2014-02-10,34.756,34.846,34.706,34.806
2014-02-11,34.799,34.88,34.683,34.763
2014-02-12,34.765,34.837,34.712,34.804
2014-02-13,34.87,35.265,34.831,35.202
2014-02-14,35.142,35.382,34.961,35.124
2014-02-17,35.025,35.286,35.02,35.208
2014-02-18,35.225,35.469,35.171,35.445
2014-02-19,35.656,35.867,35.568,35.697
2014-02-20,35.777,35.899,35.647,35.684
2014-02-21,35.695,35.881,35.466,35.596
2014-02-24,35.513,35.623,35.364,35.481
2014-02-25,35.537,35.716,35.536,35.708
2014-02-26,35.784,36.051,35.756,35.993
2014-02-27,36.052,36.248,36.006,36.163
2014-02-28,36.189,36.208,35.853,35.925
2014-03-03,36.37,36.59,36.299,36.551
2014-03-04,36.352,36.405,36.006,36.095
2014-03-05,36.075,36.19,35.902,36.073
2014-03-06,36.136,36.328,36.086,36.133
2014-03-07,36.257,36.461,36.202,36.454
2014-03-10,36.451,36.485,36.359,36.402
2014-03-11,36.392,36.46,36.304,36.452
2014-03-12,36.486,36.539,36.442,36.493
2014-03-13,36.471,36.496,36.407,36.467
2014-03-14,36.637,36.699,36.586,36.649
2014-03-17,36.655,36.721,36.175,36.288
2014-03-18,36.498,36.602,36.181,36.289
2014-03-19,36.235,36.26,35.881,35.918
2014-03-20,36.095,36.207,36.006,36.18
2014-03-21,36.373,36.456,36.195,36.23
2014-03-24,36.114,36.15,36.038,36.08
2014-03-25,35.867,35.872,35.571,35.652
2014-03-26,35.489,35.512,35.336,35.491
2014-03-27,35.588,35.65,35.546,35.623
2014-03-28,35.683,35.802,35.633,35.687
2014-03-31,35.686,35.697,35.129,35.129
2014-04-01,35.089,35.164,34.93,35.078
2014-04-02,35.052,35.399,35.05,35.359
2014-04-03,35.437,35.602,35.437,35.535
2014-04-04,35.523,35.523,35.156,35.302
2014-04-07,35.379,35.753,35.375,35.603
2014-04-08,35.533,35.628,35.398,35.608
2014-04-09,35.65,35.841,35.621,35.721
2014-04-10,35.532,35.591,35.412,35.497
2014-04-11,35.647,35.75,35.554,35.628
2014-04-14,35.955,36.024,35.784,35.92
2014-04-15,36.025,36.203,35.926,36.124
2014-04-16,36.106,36.115,35.946,36.087
2014-04-17,35.951,35.977,35.725,35.745
2014-04-18,35.444,35.611,35.433,35.56
2014-04-21,35.638,35.72,35.588,35.682
2014-04-22,35.704,35.761,35.627,35.671
2014-04-23,35.681,35.731,35.607,35.701
2014-04-24,35.676,35.811,35.623,35.753
2014-04-25,35.873,36.044,35.832,36.022
2014-04-28,36.081,36.096,35.766,35.9
2014-04-29,35.748,35.749,35.523,35.618
2014-04-30,35.664,35.792,35.596,35.63
2014-05-02,35.705,35.929,35.685,35.784
2014-05-05,35.852,35.864,35.745,35.75
2014-05-06,35.663,35.681,35.388,35.407
2014-05-07,35.45,35.543,34.894,34.902
2014-05-08,34.993,35.158,34.737,35.03
2014-05-09,35.048,35.329,35.048,35.288
2014-05-12,35.268,35.287,34.964,35.103
2014-05-13,34.971,34.972,34.758,34.816
2014-05-14,34.747,34.772,34.64,34.701
2014-05-15,34.696,34.786,34.602,34.726
2014-05-16,34.779,34.844,34.731,34.741
2014-05-19,34.757,34.763,34.467,34.509
2014-05-20,34.537,34.652,34.494,34.534
2014-05-21,34.535,34.573,34.383,34.421
2014-05-22,34.341,34.351,34.22,34.285
2014-05-23,34.33,34.341,34.06,34.133
2014-05-26,34.007,34.202,34.006,34.171
2014-05-27,34.133,34.455,34.133,34.389
2014-05-28,34.425,34.601,34.416,34.571
2014-05-29,34.592,34.71,34.526,34.665
2014-05-30,34.632,34.853,34.631,34.849
2014-06-02,34.914,34.966,34.847,34.875
2014-06-03,34.984,35.075,34.965,35.04
2014-06-04,35.1,35.235,35.001,35.079
2014-06-05,34.999,34.999,34.7,34.712
2014-06-06,34.713,34.776,34.392,34.425
2014-06-09,34.399,34.413,34.252,34.344
2014-06-10,34.315,34.408,34.264,34.268
2014-06-11,34.341,34.451,34.281,34.393
2014-06-12,34.395,34.417,34.277,34.323
2014-06-13,34.357,34.481,34.316,34.382
2014-06-16,34.441,34.675,34.437,34.648
2014-06-17,34.717,34.868,34.717,34.829
2014-06-18,34.825,34.858,34.466,34.534
2014-06-19,34.417,34.42,34.146,34.339
2014-06-20,34.442,34.468,34.318,34.441
2014-06-23,34.382,34.387,34.163,34.17
2014-06-24,34.072,34.072,33.64,33.683
2014-06-25,33.838,33.951,33.644,33.711
2014-06-26,33.74,33.806,33.653,33.653
2014-06-27,33.672,33.75,33.546,33.731
2014-06-30,33.725,34.063,33.722,34.049
2014-07-01,34.183,34.324,34.179,34.314
2014-07-02,34.346,34.35,34.149,34.321
2014-07-03,34.232,34.403,34.157,34.251
2014-07-04,34.273,34.493,34.273,34.471
2014-07-07,34.453,34.621,34.396,34.435
2014-07-08,34.487,34.51,34.189,34.263
2014-07-09,34.206,34.208,33.945,33.959
2014-07-10,33.848,34.161,33.781,34.002
2014-07-11,34.033,34.199,33.992,34.147
2014-07-14,34.275,34.352,34.207,34.31
2014-07-15,34.381,34.401,34.278,34.386
2014-07-16,34.4,34.437,34.322,34.414
2014-07-17,34.764,35.019,34.676,34.92
2014-07-18,35.236,35.253,34.968,35.105
2014-07-21,35.183,35.21,35.025,35.193
2014-07-22,35.084,35.091,34.847,34.966
2014-07-23,34.889,34.901,34.757,34.831
2014-07-24,35.004,35.141,34.934,35.034
2014-07-25,35.072,35.13,35.004,35.072
2014-07-28,35.233,35.551,35.232,35.513
2014-07-29,35.674,35.754,35.57,35.669
2014-07-30,35.851,35.927,35.484,35.61
2014-07-31,35.513,35.696,35.398,35.67
2014-08-01,35.748,35.843,35.671,35.74
2014-08-04,35.724,35.841,35.612,35.819
2014-08-05,35.716,35.965,35.716,35.908
2014-08-06,36.112,36.281,36.047,36.156
2014-08-07,36.22,36.435,36.178,36.271
2014-08-08,36.38,36.538,36.185,36.238
2014-08-11,36.118,36.152,35.91,35.994
2014-08-12,35.992,36.16,35.992,36.122
2014-08-13,36.249,36.282,36.019,36.061
2014-08-14,36.035,36.081,35.815,35.999
2014-08-15,35.999,36.071,35.886,35.931
2014-08-18,35.956,36.106,35.953,36.089
2014-08-19,36.044,36.229,36.026,36.175
2014-08-20,36.178,36.322,36.168,36.251
2014-08-21,36.347,36.369,36.06,36.091
2014-08-22,35.991,36.361,35.934,36.15
2014-08-25,36.115,36.209,36.086,36.147
2014-08-26,36.111,36.165,36.034,36.088
2014-08-27,36.09,36.189,35.992,36.182
2014-08-28,36.143,36.886,36.143,36.754
2014-08-29,36.884,37.09,36.808,37.086
2014-09-01,37.14,37.499,37.101,37.245
2014-09-02,37.402,37.49,37.247,37.418
2014-09-03,37.401,37.405,36.655,36.825
2014-09-04,36.832,37.091,36.696,36.972
2014-09-05,36.963,37.049,36.667,37.039
2014-09-08,37.118,37.14,37,37.033
2014-09-09,37.07,37.171,36.965,37.049
2014-09-10,37.124,37.455,37.108,37.31
2014-09-11,37.34,37.61,37.295,37.507
2014-09-12,37.556,37.959,37.555,37.856
2014-09-15,37.876,38.414,37.863,38.414
2014-09-16,38.452,38.836,38.452,38.713
2014-09-17,38.435,38.575,38.237,38.379
2014-09-18,38.552,38.574,38.303,38.384
2014-09-19,38.462,38.538,38.349,38.485
2014-09-22,38.435,38.703,38.432,38.655
2014-09-23,38.692,38.753,38.492,38.567
2014-09-24,38.518,38.537,38.137,38.209
2014-09-25,38.211,38.528,38.163,38.468
2014-09-26,38.548,39.15,38.548,39.113
2014-09-29,39.201,39.591,39.195,39.447
2014-09-30,39.429,39.767,39.296,39.549
2014-10-01,39.721,39.721,39.382,39.653
2014-10-02,39.524,39.653,39.453,39.64
2014-10-03,39.635,39.956,39.635,39.915
2014-10-06,39.98,40.063,39.771,39.86
2014-10-07,39.661,39.969,39.661,39.94
2014-10-08,39.978,40.141,39.939,40.121
2014-10-09,39.976,40.088,39.787,40.057
2014-10-10,40.182,40.458,40.155,40.366
2014-10-13,40.209,40.494,40.191,40.489
2014-10-14,40.449,40.869,40.445,40.867
2014-10-15,40.938,41.04,40.479,40.673
2014-10-16,40.644,41.156,40.639,40.931
2014-10-17,40.859,41.138,40.564,40.646
2014-10-20,40.756,41.095,40.747,41.05
2014-10-21,41.056,41.087,40.896,40.92
2014-10-22,40.959,41.333,40.862,41.314
2014-10-23,41.386,41.786,41.386,41.716
2014-10-24,41.725,42.011,41.723,41.937
2014-10-27,41.879,42.295,41.875,42.272
2014-10-28,42.27,42.585,42.268,42.479
2014-10-29,42.595,42.899,42.593,42.788
2014-10-30,43.454,43.634,41.447,41.587
2014-10-31,41.836,43.114,41.569,42.982
2014-11-03,43.139,43.6,43.139,43.574
2014-11-04,43.567,43.794,43.558,43.606
2014-11-05,43.921,44.999,43.918,44.711
2014-11-06,44.97,46.731,44.847,46.524
2014-11-07,47.909,48.608,45.755,46.819
2014-11-10,46.525,46.534,44.961,45.624
2014-11-11,45.719,46.98,45.71,46.432
2014-11-12,46.269,46.494,45.52,45.613
2014-11-13,46.153,46.69,45.788,46.534
2014-11-14,46.802,47.833,46.774,47.162
2014-11-17,47.065,47.478,47.062,47.28
2014-11-18,47.103,47.228,46.576,46.831
2014-11-19,47.002,47.118,46.655,46.847
2014-11-20,46.67,46.847,46.248,46.297
2014-11-21,45.958,46.024,45.32,45.732
2014-11-24,45.33,45.338,44.375,44.817
2014-11-25,44.846,45.85,44.648,45.843
2014-11-26,46.218,47.256,46.127,47.256
2014-11-27,47.398,48.194,46.704,47.993
2014-11-28,49.213,49.79,49.017,49.434
2014-12-01,50.79,53.729,50.79,51.817
2014-12-02,50.857,54.003,50.514,53.879
2014-12-03,53.875,54.868,52.871,52.943
2014-12-04,52.475,54.506,52.13,54.382
2014-12-05,54.174,54.338,52.832,52.996
2014-12-08,52.926,53.793,52.926,53.639
2014-12-09,53.84,54.357,53.84,54.252
2014-12-10,54.192,54.869,54.103,54.749
2014-12-11,54.718,55.766,54.591,55.696
2014-12-12,56.323,57.935,56.323,57.56
2014-12-15,58.15,63.295,57.754,62.882
2014-12-16,60.185,79.323,58.469,72.447
2014-12-17,70.523,70.621,60.57,62.398
2014-12-18,59.697,63.722,58.714,61.384
2014-12-19,61.946,62.794,58.951,59.14
2014-12-22,57.711,58.7,54.17,55.968
2014-12-23,54.803,56.219,53.063,55.133
2014-12-24,54.357,55.372,53.908,54.409
2014-12-26,52.161,54.629,51.76,54.224
2014-12-29,54.604,58.765,54.604,57.153
2014-12-30,58.91,59.552,55.594,55.672
2014-12-31,57.343,61.261,56.853,59.659
2015-01-05,58.975,59.797,58.062,59.719
2015-01-06,60.505,64.157,60.483,61.645
2015-01-07,63.659,63.935,62.305,62.747
2015-01-08,62.629,62.765,59.343,59.985
2015-01-09,60.314,62.003,60.276,61.29
2015-01-12,62.295,63.455,62.054,63.052
2015-01-13,64.217,66.491,64.217,65.572
2015-01-14,66.062,66.67,65.728,66.057
2015-01-15,64.286,66.113,63.519,64.935
2015-01-16,65.164,65.481,65.022,65.114
2015-01-19,65.212,65.38,64.146,64.867
2015-01-20,65.127,65.71,64.858,65.47
2015-01-21,65.13,66.076,65.015,65.294
2015-01-22,65.383,65.61,64.171,64.275
2015-01-23,64.184,64.759,62.96,63.895
2015-01-26,64.242,66.411,64.242,66.229
2015-01-27,68.218,68.236,67.153,67.227
2015-01-28,66.946,68.068,66.781,67.644
2015-01-29,68.195,69.435,68.174,69.103
2015-01-30,68.688,71.797,68.429,70.385
2015-02-02,69.13,70.476,68.315,68.714
2015-02-03,67.828,68.24,65.648,66.363
2015-02-04,65.048,68.064,64.955,67.741
2015-02-05,68.372,68.975,66.006,66.833
2015-02-06,65.786,67.51,65.662,66.963
2015-02-09,66.555,66.863,65.186,65.726
2015-02-10,65.246,66.521,65.087,66.339
2015-02-11,65.517,66.899,65.508,66.81
2015-02-12,65.203,67.32,64.576,65.977
2015-02-13,64.937,65.586,63.128,63.128
2015-02-16,63.063,63.43,62.173,63.211
2015-02-17,63.015,63.348,62.192,63.229
2015-02-18,62.411,62.751,61.238,61.341
2015-02-19,62.082,62.593,61.756,62.391
2015-02-20,61.856,62.364,61.521,62.029
2015-02-23,62.932,64.376,62.674,63.294
2015-02-24,63.775,63.924,62.772,62.825
2015-02-25,62.822,62.825,61.67,62.241
2015-02-26,61.244,61.249,59.839,60.949
2015-02-27,61.113,62.096,60.922,61.802
2015-03-02,62.335,62.536,61.806,62.252
2015-03-03,62.377,62.503,62.018,62.142
2015-03-04,61.902,62.346,61.597,62.212
2015-03-05,61.858,62.029,60.585,60.848
2015-03-06,60.424,60.424,59.32,60.387
2015-03-10,60.989,62.328,60.178,62.302
2015-03-11,62.242,63.065,61.684,62.191
2015-03-12,61.689,61.699,60.307,61.189
2015-03-13,61.377,61.717,60.661,61.708
2015-03-16,62.376,62.748,61.92,62.403
2015-03-17,62.076,62.08,61.475,61.687
2015-03-18,61.188,61.531,60.877,60.883
2015-03-19,59.503,60.25,59.339,59.745
2015-03-20,60.145,60.649,59.168,59.256
2015-03-23,59.159,59.885,58.605,58.713
2015-03-24,58.838,58.987,57.508,57.821
2015-03-25,57.793,58.026,56.64,57.583
2015-03-26,56.677,57.423,56.088,57.394
2015-03-27,57.409,58.004,57.105,57.828
2015-03-30,57.963,58.689,57.618,57.798
2015-03-31,57.436,58.279,57.351,58.123
2015-04-01,57.936,58.507,57.557,57.629
2015-04-02,57.491,57.508,56.572,56.782
2015-04-03,56.337,57.193,56.259,56.941
2015-04-06,56.549,57.087,55.469,55.469
2015-04-07,55.41,55.809,54.766,54.955
2015-04-08,55.005,55.069,53.55,54.018
2015-04-09,53.305,53.494,51.842,52.657
2015-04-10,51.693,52.543,50.298,51.932
2015-04-13,53.48,53.674,51.874,52.73
2015-04-14,52.333,52.362,51.273,51.275
2015-04-15,51.028,51.049,50.328,50.574
2015-04-16,49.611,50.307,49.44,50.008
2015-04-17,49.888,52.558,49.882,52.512
2015-04-20,52,53.782,51.457,53.031
2015-04-21,53.739,54.122,53.18,53.637
2015-04-22,53.517,53.879,52.632,52.879
2015-04-23,52.768,52.925,50.695,51.003
2015-04-24,50.691,51.5,50.084,51.344
2015-04-27,50.431,52.019,50.391,51.885
2015-04-28,51.794,52.572,51.59,51.597
2015-04-29,51.804,51.957,51.039,51.039
2015-04-30,50.883,52.207,50.871,51.592
2015-05-01,51.496,51.936,51.388,51.9
2015-05-05,51.917,52.265,50.483,50.588
2015-05-06,50.522,50.556,49.722,50.458
2015-05-07,51.295,51.347,50.143,50.385
2015-05-08,50.437,51.276,50.353,50.953
2015-05-11,51.393,51.724,50.739,51.631
2015-05-12,50.806,51.506,50.067,50.123
2015-05-13,50.455,50.479,48.847,49.251
2015-05-14,49.501,50.825,49.189,50.154
2015-05-15,50.14,50.263,49.435,49.506
2015-05-18,49.617,49.631,48.972,49.022
2015-05-19,49.031,49.68,48.99,49.509
2015-05-20,49.586,50.181,49.431,49.916
2015-05-21,49.875,50.35,49.514,49.889
2015-05-22,50.028,50.17,49.674,49.902
2015-05-25,49.913,50.065,49.775,50.043
2015-05-26,50.03,50.689,49.989,50.613
2015-05-27,50.92,52.058,50.738,51.844
2015-05-28,51.85,53.055,51.8,52.873
2015-05-29,52.654,53.192,52.197,52.509
2015-06-01,52.319,53.508,52.304,53.309
2015-06-02,53.601,53.761,52.933,53.098
2015-06-03,52.721,54.361,52.677,54.155
2015-06-04,54.47,56.021,54.451,55.81
2015-06-05,56.398,57.211,55.56,56.605
2015-06-08,56.13,56.4,55.611,56.193
2015-06-09,55.846,56.115,55.547,55.635
2015-06-10,55.439,55.524,53.794,54.043
2015-06-11,54.179,54.938,54.08,54.803
2015-06-12,54.453,55.283,54.399,55.056
2015-06-15,55.201,55.589,54.477,54.503
2015-06-16,54.506,54.585,53.871,54.041
2015-06-17,53.818,54.305,53.436,54.188
2015-06-18,53.644,53.905,53.017,53.507
2015-06-19,53.388,54.577,53.366,54.25
2015-06-22,53.952,54.089,53.391,53.896
2015-06-23,53.957,54.707,53.883,54.152
2015-06-24,54.051,54.429,53.674,54.429
2015-06-25,54.348,54.912,54.32,54.701
2015-06-26,54.676,55.326,54.619,55.14
2015-06-29,55.302,55.706,55.166,55.433
2015-06-30,55.723,55.99,55.506,55.727
2015-07-01,55.575,55.748,55.245,55.599
2015-07-02,55.881,55.918,55.397,55.458
2015-07-03,55.476,55.878,55.433,55.846
2015-07-06,56.051,56.668,56.033,56.601
2015-07-07,56.924,57.696,56.923,57.574
2015-07-08,56.953,57.49,56.872,57.354
2015-07-09,57.234,57.272,56.568,57.004
2015-07-10,56.805,56.893,56.302,56.689
2015-07-13,56.626,56.859,56.454,56.813
2015-07-14,56.667,57.107,56.467,56.531
2015-07-15,56.674,56.967,56.506,56.887
2015-07-16,57.059,57.161,56.492,56.603
2015-07-17,56.911,57.112,56.718,57.067
2015-07-20,57.39,57.395,56.727,56.901
2015-07-21,57.083,57.102,56.725,56.818
2015-07-22,57.06,57.177,56.895,57.064
2015-07-23,57.442,57.602,57.257,57.494
2015-07-24,57.822,58.708,57.786,58.679
2015-07-27,58.43,59.854,58.339,59.397
2015-07-28,59.746,60.861,59.701,60.532
2015-07-29,60.104,60.133,59.096,59.256
2015-07-30,58.775,59.883,58.775,59.582
2015-07-31,59.689,61.139,59.59,61.036
2015-08-03,61.678,62.824,61.624,62.463
2015-08-04,63.597,63.615,62.447,63.035
2015-08-05,63.11,63.148,62.542,62.958
2015-08-06,63.384,64.411,63.281,64.061
2015-08-07,64.162,64.711,63.681,63.978
2015-08-10,64.316,64.653,63.27,63.27
2015-08-11,63.136,64.507,63.048,64.457
2015-08-12,64.44,65.173,64.253,64.253
2015-08-13,64.252,65.031,63.7,64.93
2015-08-14,64.695,65.034,64.378,64.658
2015-08-17,65.167,65.731,65.131,65.235
2015-08-18,65.479,65.933,65.458,65.787
2015-08-19,65.797,66.06,65.514,66.043
2015-08-20,66.737,67.56,66.703,67.14
2015-08-21,67.986,68.623,67.884,68.54
2015-08-24,70.581,71.748,69.9,70.598
2015-08-25,70.723,70.974,68.153,69.077
2015-08-26,69.169,69.917,68.48,69.499
2015-08-27,68.497,68.591,66.236,66.279
2015-08-28,65.723,67.348,65.124,65.769
2015-08-31,65.813,67.401,65.797,66.712
2015-09-01,64.994,66.41,64.751,66.398
2015-09-02,66.599,67.97,66.31,67.729
2015-09-03,66.751,67.633,66.18,66.328
2015-09-04,67.255,67.986,67.082,67.385
2015-09-07,68.546,68.784,68.145,68.784
2015-09-08,69.215,69.233,68.116,68.295
2015-09-09,67.751,68.263,67.354,68.079
2015-09-10,68.659,68.829,67.732,67.862
2015-09-11,67.589,68.248,67.567,68.202
2015-09-14,67.775,68.064,67.274,67.336
2015-09-15,67.635,67.79,66.536,66.914
2015-09-16,66.6,66.665,65.228,65.23
2015-09-17,65.371,65.922,65.051,65.833
2015-09-18,65.636,66.162,65.32,65.801
2015-09-21,66.429,66.559,65.675,66.202
2015-09-22,66.196,66.732,66.064,66.531
2015-09-23,66.076,66.351,65.475,65.607
2015-09-24,66.436,66.75,66.268,66.463
2015-09-25,65.986,66.1,65.402,65.613
2015-09-28,65.418,65.811,65.342,65.651
2015-09-29,66.152,66.322,65.5,65.607
2015-09-30,65.645,66.024,65.235,65.575
2015-10-01,65.323,65.614,64.741,65.555
2015-10-02,65.686,66.661,65.616,66.321
2015-10-05,65.973,65.996,64.639,64.669
2015-10-06,64.705,65.255,63.588,63.808
2015-10-07,63.296,63.297,61.871,62.482
2015-10-08,62.852,62.863,62.041,62.255
2015-10-09,61.292,61.732,60.729,61.577
2015-10-12,61.449,61.449,60.89,61.249
2015-10-13,62.055,62.985,61.911,62.409
2015-10-14,62.889,63.265,62.611,62.845
2015-10-15,62.332,62.652,61.845,62.283
2015-10-16,61.242,62.052,61.109,61.703
2015-10-19,61.345,62.31,61.322,62.267
2015-10-20,62.024,62.357,61.677,61.908
2015-10-21,62.268,63.136,62.258,62.893
2015-10-22,62.798,62.893,62.373,62.697
2015-10-23,61.885,62.338,61.651,62.032
2015-10-26,62.472,62.999,62.102,62.875
2015-10-27,63.505,65.027,63.477,64.828
2015-10-28,65.378,65.378,63.453,63.727
2015-10-29,64.424,64.676,63.697,64.12
2015-10-30,64.605,64.633,63.728,63.823
2015-11-02,63.782,64.396,63.782,64.039
2015-11-03,63.797,64.05,62.599,62.683
2015-11-04,62.813,63.084,62.347,62.893
2015-11-05,63.345,63.56,63.06,63.423
2015-11-06,63.702,64.816,63.663,64.665
2015-11-09,64.492,64.693,64.168,64.468
2015-11-10,64.377,64.595,64.07,64.443
2015-11-11,64.549,64.975,64.35,64.836
2015-11-12,65.527,66.43,65.353,66.025
2015-11-13,66.598,66.865,66.265,66.809
